13,
8.500000e-02,6.900000e-02,1.350000e-01,3.800000e-02,7.900000e-02,5.800000e-02,8.800000e-02,1.260000e-01,9.900000e-02,6.700000e-02,5.000000e-02,6.800000e-02,3.800000e-02,
9.580017e-01, 9.061840e-03, 6.790524e-03, 1.053862e-01, 1.545736e-02, 2.191135e-03, -7.439292e-03, 1.054067e+00,
-1.361296e-02, -7.281372e-02, -3.654114e-02, -6.788603e-02, 1.407593e-02, -1.909720e-02, 9.981523e-01, -2.776169e-02,
-5.872767e-02, -6.270935e-03, 5.617246e-03, -3.791898e-02, -1.668524e-03, 9.854647e-01, -2.279733e-03, -1.900830e-02,
2.765067e-03, 2.073154e-02, -5.628021e-02, 1.672498e-02, 1.026696e+00, -2.473910e-02, 8.685603e-03, -4.857412e-03,
6.876906e-03, -7.593855e-03, 1.960785e-02, 1.061307e+00, 1.004424e+00, 1.015470e-02, 1.201026e-02, -5.559452e-02,
1.914374e-03, -4.660396e-02, 4.173839e-02, 9.733371e-01, -2.063729e-02, 6.130138e-02, 3.842930e-03, -6.068316e-02,
-1.287077e-02, -1.308331e-02, 1.004927e+00, 9.997562e-03, 1.770395e-02, -8.354905e-02, -1.911800e-02, 1.541335e-02,
-1.885217e-02, 9.782492e-01, -1.453727e-03, 7.276717e-03, 3.107722e-02, 1.043895e-02, -2.543426e-02, -6.588209e-02,
1.022752e+00, 5.487832e-03, -2.512211e-02, -2.533914e-02, 3.370007e-02, 2.591874e-02, -5.664776e-02, 1.018554e+00,
1.008669e+00, -6.293311e-03, -7.746299e-03, -4.086519e-02, -1.379057e-01, -2.351822e-02, -1.793181e-02, 1.020727e+00,
-2.772398e-02, 6.245154e-02, 4.119021e-02, 2.065490e-02, 1.643267e-02, -2.976712e-02, 1.043634e+00, -1.497326e-02,
9.331003e-02, 1.685448e-02, -3.606652e-02, -1.023144e-03, 1.508338e-02, 9.569879e-01, -2.191076e-02, -1.297782e-02,
-4.202871e-02, -1.070202e-02, 5.991940e-02, 5.173809e-03, 9.870654e-01, 1.950002e-02, 1.091825e-03, -1.936273e-02,
4.566103e-03, -1.884882e-02, 2.229009e-02, 9.051774e-01, 9.592486e-01, 3.283062e-02, -4.059598e-03, 4.566740e-02,
-8.736902e-02, -3.260427e-02, 7.771138e-03, 1.033250e+00, 1.673231e-03, 6.741904e-02, 4.382739e-03, -7.184596e-02,
1.355052e-02, 2.321010e-02, 9.325257e-01, -2.257860e-02, 6.814540e-02, 9.212408e-03, -4.154713e-03, -2.301419e-02,
2.237656e-02, 1.018502e+00, 3.862377e-02, 5.209768e-02, -9.470377e-03, -2.953929e-02, 8.810035e-02, -4.811964e-02,
9.979345e-01, 2.634277e-02, 4.464745e-03, -7.121290e-03, 6.960203e-03, 2.447614e-02, -9.939673e-03, 1.004443e+00,
9.530468e-01, 5.031646e-03, 2.416210e-02, -2.207340e-01, 1.183869e-02, 8.621883e-02, 4.476177e-02, 9.317156e-01,
3.914547e-02, 1.386657e-01, 1.328060e-02, 4.015365e-02, 1.015189e-02, 2.924994e-02, 9.627348e-01, 2.136799e-02,
-7.386911e-02, 5.152335e-02, -1.663650e-02, 5.166491e-02, 4.880044e-03, 1.083603e+00, 5.547837e-02, 7.308054e-02,
7.564220e-03, -7.028656e-03, 8.088508e-03, 6.489758e-02, 1.021285e+00, 3.811040e-02, 2.861762e-02, 3.414515e-02,
-2.129104e-02, 5.182130e-02, 4.108809e-02, 1.128079e+00, 1.010990e+00, -9.785592e-03, -4.437732e-02, 2.818285e-02,
4.821903e-02, -1.528021e-03, -1.735494e-02, 9.901885e-01, 7.176609e-02, -8.846368e-03, -2.773077e-02, -1.371072e-01,
-6.486233e-02, 4.407730e-02, 1.019358e+00, -3.802509e-02, -7.218549e-02, 7.673068e-02, -1.843631e-02, -8.265490e-03,
4.634551e-03, 9.590552e-01, -3.252298e-02, -1.251761e-02, 2.422197e-03, 2.236970e-03, -1.309951e-02, -4.742274e-02,
9.671430e-01, -3.785752e-03, -5.114303e-03, -1.167227e-02, 2.051391e-02, -5.214862e-02, -1.142622e-02, 1.130134e+00,
1.093009e+00, -2.609563e-02, -3.245222e-02, -8.008265e-03, 5.345902e-02, -7.515565e-03, -4.097509e-02, 1.006495e+00,
-3.661382e-03, -7.269086e-03, -1.050879e-02, 1.241442e-02, -5.134750e-02, -2.197718e-02, 1.077005e+00, 9.093796e-03,
9.043384e-02, -6.188726e-02, 1.610215e-02, -8.904027e-03, -3.606339e-03, 1.024075e+00, -2.690747e-02, 9.310471e-03,
-4.005769e-03, 1.381996e-02, 1.297976e-03, -1.306907e-02, 1.003494e+00, -1.863281e-02, 1.003886e-03, 5.479838e-03,
-1.876659e-02, 1.549102e-03, -2.517673e-02, 9.184752e-01, 9.837267e-01, 3.107444e-02, 7.956404e-03, 5.870252e-02,
3.284206e-02, 1.398049e-02, 7.082421e-02, 9.431333e-01, -8.584611e-03, -1.007216e-02, -7.051342e-02, 1.076882e-01,
-8.330298e-03, 2.718723e-03, 9.774810e-01, -2.561465e-02, -1.198191e-02, -3.748108e-02, -1.004832e-02, 8.896700e-03,
-5.739435e-03, 1.082453e+00, 3.355197e-02, -4.494805e-02, -1.640285e-02, -1.001189e-02, 4.542512e-03, 5.314764e-02,
1.072471e+00, -9.703039e-03, 3.436733e-02, 2.359895e-02, -6.141826e-02, -1.086312e-02, -1.189300e-02, 1.002421e+00,
1.022715e+00, -5.758069e-03, -2.629480e-02, 7.744148e-02, -2.593376e-02, -6.427142e-03, -1.326115e-02, 1.031495e+00,
9.257919e-03, -5.851121e-02, 2.794850e-02, -8.078557e-02, -5.083222e-02, 1.631609e-02, 1.016362e+00, 2.715633e-02,
-8.405171e-02, 1.146138e-01, 3.051615e-02, -2.554477e-02, -5.250576e-03, 1.031484e+00, -2.135035e-02, 1.251270e-02,
3.026724e-02, -1.360866e-04, -3.429827e-02, -1.889166e-02, 1.007030e+00, 9.205866e-03, -3.965114e-02, -2.371924e-02,
9.109451e-02, 4.403146e-03, 5.726272e-02, 1.017326e+00, 1.001788e+00, -1.735654e-02, 8.421042e-02, 2.712859e-02,
1.413111e-01, 2.713428e-03, -4.910041e-02, 9.999410e-01, -2.766681e-02, -1.113679e-01, 5.312898e-02, 1.572154e-02,
9.754905e-02, 6.016569e-03, 9.046186e-01, 1.424245e-02, -2.691864e-02, 1.116887e-02, 3.049397e-02, -2.412948e-02,
-6.882539e-03, 8.612542e-01, 2.180266e-02, -1.019439e-02, 5.774265e-02, -1.865370e-02, 4.027594e-03, -1.820589e-02,
9.330394e-01, -5.827179e-02, -3.438974e-02, 1.535710e-02, 2.651549e-03, -9.056697e-03, -2.850506e-02, 9.363955e-01,
9.685947e-01, -6.011905e-02, 4.246395e-02, 6.169118e-03, -1.101648e-01, -1.563016e-02, -4.645213e-02, 1.137702e+00,
-4.100842e-02, -8.604883e-02, -5.692655e-02, 1.938253e-02, 3.250780e-02, -1.333334e-02, 9.796443e-01, 1.872181e-02,
9.482332e-02, -4.452157e-02, 3.708130e-02, -2.186733e-02, -1.013626e-02, 9.716227e-01, 1.937022e-02, 4.617210e-03,
-3.514711e-02, 2.370050e-02, 1.744987e-02, -3.806164e-03, 9.083992e-01, -1.264016e-02, 3.487243e-02, -3.586474e-02,
-8.575963e-03, 9.554437e-03, -6.161864e-02, 9.369946e-01, 1.034000e+00, -1.575539e-02, -1.074904e-03, -7.898571e-02,
9.905883e-02, 2.630891e-03, -2.732725e-02, 9.574571e-01, 2.893245e-02, 2.828984e-02, 2.708845e-02, 7.422198e-02,
1.042090e-03, 1.475556e-02, 1.007970e+00, 2.778801e-02, -1.974286e-02, -4.379671e-02, 9.621661e-03, 3.733324e-02,
-4.111224e-03, 9.445752e-01, -4.257946e-02, -2.050120e-02, -2.422466e-03, -1.635241e-02, -1.121093e-02, -2.669175e-02,
9.848752e-01, 1.016208e-02, -1.050505e-02, 1.159987e-03, -2.159046e-02, -7.596686e-04, -2.440344e-02, 1.030746e+00,
9.334200e-01, 6.559102e-02, -7.306675e-02, 8.814400e-02, -5.560240e-03, 1.783182e-02, 2.141276e-02, 9.640352e-01,
3.761376e-02, -5.087500e-02, 5.684376e-02, 2.490224e-02, 6.018062e-02, 8.336364e-04, 9.899797e-01, 2.698604e-02,
-2.937163e-02, -4.132547e-02, 1.391298e-02, 5.086870e-02, 1.867292e-02, 1.064978e+00, 2.100752e-04, 3.395225e-02,
1.032803e-02, 4.594391e-02, -6.443210e-02, 3.754804e-02, 9.518437e-01, 2.883088e-02, -1.327364e-02, 6.850858e-02,
-3.177548e-02, 9.988789e-03, 4.533161e-02, 9.723638e-01, 6.165570e-06, -2.316820e-06, -2.052451e-06, 3.045072e-06,
2.659631e-06, 1.042160e-06, -2.316820e-06, 6.873597e-06, -2.760478e-06, -2.622783e-06, 9.476116e-07, -2.595724e-06,
-2.052451e-06, -2.760478e-06, 6.609228e-06, -4.222889e-07, -3.607242e-06, 1.553564e-06, 3.045072e-06, -2.622783e-06,
-4.222889e-07, 1.222308e-05, 2.084320e-06, 1.895223e-06, 2.659631e-06, 9.476116e-07, -3.607242e-06, 2.084320e-06,
1.328055e-05, -8.445779e-07, 1.042160e-06, -2.595724e-06, 1.553564e-06, 1.895223e-06, -8.445779e-07, 1.044844e-05,
5.091487e-06, -1.340659e-06, -1.954529e-06, -2.695776e-06, 2.625447e-06, -1.206608e-06, -1.340659e-06, 6.159200e-06,
-3.022241e-06, 3.746205e-06, 8.040565e-07, 7.254870e-08, -1.954529e-06, -3.022241e-06, 6.773069e-06, -1.050430e-06,
-3.429503e-06, 1.134059e-06, -2.695776e-06, 3.746205e-06, -1.050430e-06, 1.612772e-05, -2.413216e-06, 1.608113e-06,
2.625447e-06, 8.040565e-07, -3.429503e-06, -2.413216e-06, 1.367224e-05, -2.100859e-06, -1.206608e-06, 7.254870e-08,
1.134059e-06, 1.608113e-06, -2.100859e-06, 9.401393e-06, 6.664724e-06, -2.798904e-06, -2.069521e-06, -2.041198e-06,
-3.282773e-06, 6.103196e-07, -2.798904e-06, 7.794075e-06, -3.198872e-06, 2.528596e-06, -8.399120e-08, 1.609630e-07,
-2.069521e-06, -3.198872e-06, 7.064692e-06, -4.873980e-07, 3.366765e-06, -7.712827e-07, -2.041198e-06, 2.528596e-06,
-4.873980e-07, 1.029474e-05, 1.220639e-06, -1.679823e-07, -3.282773e-06, -8.399120e-08, 3.366765e-06, 1.220639e-06,
1.321227e-05, -9.747959e-07, 6.103196e-07, 1.609630e-07, -7.712827e-07, -1.679823e-07, -9.747959e-07, 8.694870e-06,
4.031521e-06, -2.007885e-07, -2.034433e-06, -6.106039e-07, -1.411506e-06, -1.410702e-06, -2.007885e-07, 4.153974e-06,
-2.156886e-06, -1.687466e-06, -1.049255e-06, -1.114964e-06, -2.034433e-06, -2.156886e-06, 5.987618e-06, 2.298070e-06,
2.460761e-06, 2.525666e-06, -6.106039e-07, -1.687466e-06, 2.298070e-06, 2.068720e-05, -2.821404e-06, -2.098510e-06,
-1.411506e-06, -1.049255e-06, 2.460761e-06, -2.821404e-06, 1.335263e-05, 4.596140e-06, -1.410702e-06, -1.114964e-06,
2.525666e-06, -2.098510e-06, 4.596140e-06, 1.286281e-05, 5.420396e-06, -1.307769e-06, -2.316327e-06, -2.363811e-06,
-1.842877e-06, 2.681298e-06, -1.307769e-06, 3.847151e-06, -7.430819e-07, 1.798582e-06, 1.232059e-06, 7.197953e-07,
-2.316327e-06, -7.430819e-07, 4.855709e-06, 5.652286e-07, 6.108175e-07, -3.401093e-06, -2.363811e-06, 1.798582e-06,
5.652286e-07, 1.625928e-05, 5.362596e-06, 2.464118e-06, -1.842877e-06, 1.232059e-06, 6.108175e-07, 5.362596e-06,
1.222505e-05, 1.130457e-06, 2.681298e-06, 7.197953e-07, -3.401093e-06, 2.464118e-06, 1.130457e-06, 1.851803e-05,
7.939976e-06, -3.116065e-06, -3.027611e-06, 1.066107e-06, 1.895812e-06, 3.059954e-07, -3.116065e-06, 4.601183e-06,
3.111821e-07, -5.512831e-07, -9.709639e-07, -1.010613e-07, -3.027611e-06, 3.111821e-07, 4.512729e-06, -5.148236e-07,
-9.248487e-07, -2.049341e-07, 1.066107e-06, -5.512831e-07, -5.148236e-07, 9.026097e-06, 6.119908e-07, -1.941928e-06,
1.895812e-06, -9.709639e-07, -9.248487e-07, 6.119908e-07, 9.379912e-06, -1.029647e-06, 3.059954e-07, -1.010613e-07,
-2.049341e-07, -1.941928e-06, -1.029647e-06, 2.273509e-05, 8.142312e-06, -3.127433e-06, -3.218580e-06, -1.367523e-06,
5.543366e-07, -4.208300e-08, -3.127433e-06, 7.856431e-06, -2.932699e-06, 1.229811e-06, 1.797348e-07, 2.066352e-06,
-3.218580e-06, -2.932699e-06, 7.947578e-06, 1.377113e-07, -7.340714e-07, -2.024269e-06, -1.367523e-06, 1.229811e-06,
1.377113e-07, 8.980626e-06, -8.416600e-08, 3.594696e-07, 5.543366e-07, 1.797348e-07, -7.340714e-07, -8.416600e-08,
8.616038e-06, 2.754225e-07, -4.208300e-08, 2.066352e-06, -2.024269e-06, 3.594696e-07, 2.754225e-07, 9.759561e-06,
4.313154e-06, -5.720652e-07, -1.944789e-06, -1.240258e-06, -2.148811e-06, 1.591825e-06, -5.720652e-07, 4.863911e-06,
-2.495546e-06, 3.162079e-06, -5.257048e-07, 8.997686e-07, -1.944789e-06, -2.495546e-06, 6.236635e-06, -1.921821e-06,
2.674516e-06, -2.491593e-06, -1.240258e-06, 3.162079e-06, -1.921821e-06, 1.920210e-05, 3.183649e-06, -1.051410e-06,
-2.148811e-06, -5.257048e-07, 2.674516e-06, 3.183649e-06, 1.371120e-05, -3.843643e-06, 1.591825e-06, 8.997686e-07,
-2.491593e-06, -1.051410e-06, -3.843643e-06, 1.150817e-05, 7.271627e-06, -2.333817e-06, -3.141510e-06, 3.087648e-06,
-1.113165e-06, -6.301067e-07, -2.333817e-06, 6.170800e-06, -2.040683e-06, -2.813266e-06, 9.315506e-07, -2.936720e-06,
-3.141510e-06, -2.040683e-06, 6.978493e-06, -2.743820e-07, 1.816149e-07, 3.566826e-06, 3.087648e-06, -2.813266e-06,
-2.743820e-07, 1.215509e-05, -1.260213e-06, 1.863101e-06, -1.113165e-06, 9.315506e-07, 1.816149e-07, -1.260213e-06,
8.924316e-06, -5.487639e-07, -6.301067e-07, -2.936720e-06, 3.566826e-06, 1.863101e-06, -5.487639e-07, 1.332762e-05,
4.581274e-06, -2.826632e-06, 4.165720e-08, 5.690874e-07, 7.819976e-07, -1.920568e-06, -2.826632e-06, 6.952847e-06,
-2.329915e-06, -1.152009e-06, -8.868897e-07, 3.442621e-06, 4.165720e-08, -2.329915e-06, 4.084558e-06, 5.829213e-07,
1.048920e-07, -1.522053e-06, 5.690874e-07, -1.152009e-06, 5.829213e-07, 1.018383e-05, -3.841135e-06, -1.773779e-06,
7.819976e-07, -8.868897e-07, 1.048920e-07, -3.841135e-06, 2.165699e-05, 1.165843e-06, -1.920568e-06, 3.442621e-06,
-1.522053e-06, -1.773779e-06, 1.165843e-06, 1.217070e-05, 4.610963e-06, -3.157998e-06, 3.433348e-07, -6.283319e-07,
-4.452426e-07, 4.735912e-07, -3.157998e-06, 8.141329e-06, -3.187031e-06, 1.192779e-06, -1.495920e-07, -8.689055e-07,
3.433348e-07, -3.187031e-06, 4.639996e-06, -5.644472e-07, 5.948346e-07, 3.953143e-07, -6.283319e-07, 1.192779e-06,
-5.644472e-07, 8.858365e-06, 9.471824e-07, -2.991840e-07, -4.452426e-07, -1.495920e-07, 5.948346e-07, 9.471824e-07,
2.286370e-05, -1.128894e-06, 4.735912e-07, -8.689055e-07, 3.953143e-07, -2.991840e-07, -1.128894e-06, 8.742233e-06,
6.725951e-06, -2.829157e-06, -2.100494e-06, -2.321729e-06, -2.871330e-06, 1.172943e-06, -2.829157e-06, 6.380528e-06,
-1.755072e-06, 1.123621e-06, -1.489901e-07, -3.812411e-06, -2.100494e-06, -1.755072e-06, 5.651865e-06, 1.198108e-06,
3.020320e-06, 2.639467e-06, -2.321729e-06, 1.123621e-06, 1.198108e-06, 1.017373e-05, 2.345887e-06, -2.979801e-07,
-2.871330e-06, -1.489901e-07, 3.020320e-06, 2.345887e-06, 1.308838e-05, 2.396216e-06, 1.172943e-06, -3.812411e-06,
2.639467e-06, -2.979801e-07, 2.396216e-06, 1.447007e-05, 3.537207e-06, -6.586290e-07, -1.082278e-06, -9.859270e-07,
4.451252e-07, -4.513523e-07, -6.586290e-07, 4.511348e-06, -2.056419e-06, -3.204866e-07, 3.064546e-06, 9.223696e-07,
-1.082278e-06, -2.056419e-06, 4.934997e-06, 1.306414e-06, -3.509671e-06, -4.710173e-07, -9.859270e-07, -3.204866e-07,
1.306414e-06, 1.885584e-05, -9.027046e-07, 6.129092e-06, 4.451252e-07, 3.064546e-06, -3.509671e-06, -9.027046e-07,
1.716124e-05, 2.612827e-06, -4.513523e-07, 9.223696e-07, -4.710173e-07, 6.129092e-06, 2.612827e-06, 1.326468e-05,
1.911596e-01, 1.576079e-02, -1.710873e-03, -3.331812e-02, -1.155920e-01, 1.033666e-01, 3.949171e-02, 1.745911e-01, 
1.151845e-03, 2.675887e-02, -2.338691e-02, 1.276185e-01, 3.115901e-02, -1.153813e-02, 1.182639e-01, 1.915183e-02,
-8.295699e-02, 1.650342e-01, -1.890556e-02, 1.716761e-02, 3.878828e-03, 1.255102e-01, 9.630180e-02, -2.799559e-02,
-4.025291e-02, -1.107329e-02, -4.800727e-03, 3.194211e-02, 2.820653e-04, 1.950507e-02, -1.292594e-02, 4.528320e-02,
3.092987e-02, -4.622032e-02, 1.756352e-02, -3.727414e-02, 3.644385e-02, 1.479727e-02, -8.026530e-02, -1.149688e-02,
-2.388388e-02, -4.349239e-02, 2.239942e-02, 2.280986e-02, -9.264970e-02, -2.951742e-02, 2.453095e-02, -6.560696e-02,
3.314989e-02, 4.270349e-02, -2.212694e-01, 8.274624e-03, 7.182124e-02, -9.324520e-02, -5.286160e-04, -8.530863e-03,
-5.551578e-04, 8.259216e-02, -2.843295e-02, 4.002790e-03, -2.131702e-03, -3.632540e-03, 3.030839e-02, -4.211699e-02,
-1.058861e-01, -4.117698e-03, 2.076083e-03, -1.357926e-02, -2.773437e-02, -3.358395e-03, -1.991957e-02, -9.284160e-02,
1.318513e-02, -5.391342e-02, 2.859267e-02, -4.429122e-02, 1.467123e-02, 7.265264e-04, 2.100127e-02, -2.135021e-01,
7.557518e-02, 4.445391e-03, -2.102216e-02, 2.595942e-02, 1.605530e-03, -1.979104e-02, 4.136759e-02, -1.301583e-02,
-1.442755e-02, -5.612385e-03, -3.591432e-03, 4.071094e-03, -1.198027e-03, -7.819056e-02, -1.998589e-02, -2.848365e-04,
2.412725e-03, 9.106420e-03, -8.089741e-03, 1.600560e-02, 8.890687e-02, -1.147858e-02, -1.765479e-03, 1.019182e-02,
-2.328525e-03, 7.145698e-03, -1.237586e-02, -7.272841e-03, -1.360085e-01, 3.741006e-02, 3.583029e-02, -1.569103e-02,
8.973322e-03, -8.437179e-03, -5.569822e-02, 5.213646e-02, 9.178412e-03, -7.858809e-04, 8.459776e-03, -4.515728e-03,
-5.325314e-02, 6.389003e-03, 5.290597e-02, -2.218000e-03, 8.612060e-03, 1.126652e-02, 5.085017e-03, 6.274910e-03,
-1.124463e-04, -1.358461e-02, 5.930787e-03, 1.487491e-02, 1.557811e-02, -4.973195e-03, 1.150655e-02, 2.062004e-03,
-2.107740e-02, 9.133405e-03, 3.520610e-03, -3.761471e-03, 2.957436e-03, 7.319510e-03, 1.271297e-03, 4.674285e-02,
-5.902150e-02, 2.596974e-02, -2.098537e-02, 2.457281e-02, 9.001413e-02, -5.027315e-02, -1.823156e-02, 3.637868e-02,
-3.460758e-02, 5.047388e-02, 6.233522e-02, -3.469534e-02, -2.692651e-02, 2.510848e-02, -3.718967e-02, 6.198732e-03,
1.002002e-01, -6.237537e-02, 1.483106e-02, 8.116668e-03, 3.117755e-03, 1.154733e-02, -3.380214e-02, 4.020403e-02,
2.280172e-02, -8.204963e-03, 3.390164e-02, -2.576504e-02, -5.879857e-02, 1.566459e-02, 1.756033e-03, -1.196761e-02,
-9.048590e-03, 4.630006e-02, 7.841572e-03, 9.741873e-03, -3.760257e-03, -4.908629e-02, 3.174806e-02, -2.516176e-02,
1.035985e-02, -4.081561e-03, -1.523332e-03, -1.264811e-01, 5.496480e-02, 2.143889e-02, -1.437574e-02, 1.912608e-02,
1.892838e-04, -2.377459e-02, 4.776930e-02, 9.370337e-03, -2.452129e-02, -8.796830e-03, -2.507721e-03, 1.081956e-02,
-3.462427e-03, -1.133392e-01, -1.773188e-02, -1.179301e-02, -1.173017e-03, -1.953968e-03, -6.545892e-03, 1.147347e-03,
6.987755e-02, -3.967691e-03, -1.346907e-03, -2.130926e-02, -1.652726e-03, -3.592701e-03, -1.398881e-02, 1.959688e-02,
2.723726e-01, 5.089064e-02, -2.427716e-02, 4.916697e-02, -8.045477e-02, 8.108141e-02, 3.115512e-02, 3.081833e-01,
-6.032150e-02, -7.523744e-02, -5.885351e-02, 1.629319e-01, 3.126077e-02, 7.054419e-02, 7.071982e-02, 4.545718e-02,
-5.282063e-02, 1.521945e-01, 1.811728e-02, -3.186147e-02, 2.341549e-03, 2.353351e-01, 3.632704e-02, -4.152676e-02,
-4.517815e-02, 1.391529e-03, -3.872384e-03, 5.633854e-02, 3.118473e-02, -1.210086e-02, 9.206954e-03, 2.154306e-02,
1.519895e-02, -5.257154e-02, -9.912026e-03, -4.025441e-02, 4.628297e-02, -8.613603e-02, 5.544416e-03, -7.286173e-02,
-5.789449e-03, -2.810439e-03, 5.405228e-02, -1.954063e-01, 1.421354e-02, -9.053330e-02, -2.057043e-02, -4.330995e-03,
3.194320e-02, -1.082239e-01, 1.912101e-02, -6.873132e-02, -5.350684e-02, -1.519563e-02, -1.072993e-02, -7.310347e-04,
6.490097e-03, -4.641103e-02, -4.754294e-03, -2.128465e-02, 1.291891e-03, -2.142493e-04, -1.359486e-02, 1.020806e-02,
6.530187e-02, -1.857698e-02, 7.708707e-03, -7.128068e-03, -1.193324e-02, -3.654805e-02, 7.305876e-03, -1.672212e-01,
2.809377e-02, 1.246022e-02, -3.736387e-02, -3.382811e-03, -1.642630e-02, -2.350186e-02, 3.757245e-03, 4.650370e-02,
-3.451840e-02, 6.957625e-03, -1.480496e-03, -3.434161e-02, 2.447030e-02, 4.093169e-02, -1.191358e-01, -4.670653e-03,
2.051326e-02, -3.888696e-02, -3.609756e-03, 2.207054e-03, 7.965701e-03, 4.610727e-02, -1.695835e-02, 7.019199e-04,
-6.079683e-03, 1.650189e-04, 1.470054e-02, 2.504078e-03, -4.203269e-02, 5.197047e-03, 3.801788e-04, -3.207549e-03,
-3.522827e-03, -3.709922e-03, 3.877894e-03, -8.840769e-03, -4.081512e-02, 5.344179e-02, -5.730978e-02, 3.489158e-02,
1.015661e-01, -1.723493e-02, -2.062542e-02, 7.730682e-02, -5.182167e-02, 1.094168e-02, 6.554493e-02, -3.185715e-02,
-1.796154e-02, 6.002966e-02, -1.022417e-01, 3.100540e-02, 1.126652e-01, -2.017782e-02, -2.918253e-03, 7.134857e-03,
2.499871e-03, 8.338763e-02, -2.138607e-02, 5.048796e-02, 2.094218e-02, -1.259033e-02, 2.985086e-02, -6.958463e-03,
-9.357128e-02, 1.739286e-02, -4.792623e-03, 2.249789e-03, -1.209584e-02, 5.268335e-02, 1.603209e-02, 3.682376e-02,
-8.423517e-02, -8.078124e-02, 7.308023e-02, -6.208422e-02, 2.584784e-02, 5.744141e-03, -5.608757e-02, -1.598139e-01,
8.910639e-02, 4.062884e-02, -1.785287e-04, -3.013276e-03, -2.771041e-02, -5.150790e-02, 6.118875e-02, -5.100650e-02,
1.631571e-04, 1.786580e-02, 2.723389e-03, -5.634087e-04, 5.293950e-04, -1.903829e-01, 1.364654e-03, 1.135758e-02,
4.971860e-03, -3.746271e-04, -1.582030e-03, 1.873085e-02, 6.348419e-02, -7.500413e-03, 7.890109e-03, 1.408544e-03,
-8.934961e-03, 1.126977e-02, 1.272264e-02, 2.940188e-02, -1.364106e-02, -4.681352e-02, 2.472791e-02, 3.659747e-02,
-1.071463e-03, -7.497824e-03, -8.013003e-03, -1.044959e-01, 5.352440e-02, 6.101433e-03, -6.461911e-03, -2.600874e-02,
-4.944720e-03, -2.895500e-02, 5.816856e-02, 1.494996e-02, -6.585204e-03, -1.190808e-02, 1.442465e-02, 1.571152e-03,
-2.853268e-03, -1.074651e-01, 1.458540e-02, -9.705755e-03, 1.888153e-03, -1.670304e-03, -1.568238e-03, -2.008346e-02,
3.952256e-02, -2.926141e-04, 6.747236e-04, 7.829378e-03, -7.506394e-03, -1.222899e-03, 1.116756e-02, 2.395972e-02,
-1.848157e-01, 6.273648e-02, 3.828355e-02, 6.288443e-02, -1.086678e-02, 4.559680e-03, -4.802196e-02, 5.219151e-02,
1.135483e-02, 4.610256e-02, 2.340014e-03, 7.294187e-03, -5.395695e-03, 9.037733e-03, 3.760827e-02, 1.009000e-02,
4.884379e-03, 7.769456e-04, 1.777717e-03, 5.636712e-03, 5.363191e-04, -5.191109e-03, -4.036028e-03, 8.551429e-03,
5.703595e-04, -5.459614e-04, 4.553989e-03, -4.818785e-03, -1.345111e-02, 6.581978e-03, 1.052743e-03, 1.898543e-03,
-6.811032e-04, 1.353601e-02, 5.897913e-04, 9.465561e-02, -2.766672e-02, 2.404697e-02, -3.469554e-02, 1.038284e-02,
-1.471959e-02, 6.263787e-03, 2.044914e-03, 2.193668e-03, -9.002929e-04, -6.262783e-03, 1.581701e-02, -9.991130e-03,
-1.879114e-02, 2.122688e-02, -3.035545e-02, 1.290836e-02, -4.301730e-02, -1.119715e-03, -6.670911e-04, 1.192791e-03,
1.342507e-03, 6.371016e-03, -3.688625e-03, -5.858447e-03, -9.483837e-03, 3.399974e-03, -3.053619e-03, 9.961276e-03,
-7.318992e-02, 3.811147e-03, 3.001315e-03, 7.454493e-04, -4.224651e-03, -9.355457e-03, 1.486395e-02, 1.292099e-02,
2.491911e-02, 1.010562e-02, -5.028765e-02, -1.758503e-02, 1.998451e-02, -1.371338e-02, 1.084344e-02, 1.004158e-02,
-5.507355e-02, 3.781866e-03, -1.493260e-03, -4.858359e-02, 1.870376e-02, 3.031293e-02, -1.392678e-01, -4.517373e-03,
-3.234376e-02, -3.467967e-02, -5.766567e-03, 8.781746e-04, -1.497187e-04, 4.806911e-02, -1.431804e-02, 1.214061e-03,
1.071542e-03, 3.004135e-03, -1.712298e-02, -2.215058e-02, -6.288162e-02, -1.299959e-02, 6.943159e-04, -8.710643e-03,
-7.579311e-03, -5.932744e-03, -7.553322e-03, -5.316227e-02, 2.881213e-02, -3.357741e-02, 6.243489e-04, -3.371408e-02,
-2.824893e-02, -1.185649e-02, 3.523340e-02, -1.160457e-01, 6.626841e-03, -2.978903e-02, -2.654991e-02, -5.379498e-03,
1.841245e-02, -5.678309e-02, 4.963657e-03, -1.848364e-02, -1.050752e-02, -6.377758e-03, -4.922849e-03, 4.854955e-03,
-6.973995e-05, -1.488964e-02, 1.002264e-02, -5.161729e-03, -6.159762e-03, 2.226013e-04, -2.673741e-03, -1.290543e-04,
3.115292e-02, -1.083878e-02, 2.149831e-03, -4.144184e-04, -1.746659e-03, -1.084850e-02, -5.060274e-03, -7.961068e-02,
2.797741e-01, 6.994357e-02, 6.353305e-02, 1.147441e-01, 8.503952e-02, 2.698315e-02, 8.626868e-02, 2.013898e-01,
9.708792e-02, -1.659615e-02, -1.938667e-02, 5.447176e-02, 6.466642e-02, 6.854034e-02, 2.883342e-01, 3.225940e-02,
-1.038550e-01, 6.603984e-02, 3.443487e-02, -2.450946e-03, 8.805138e-04, 3.294879e-01, 2.263172e-02, -8.184196e-03,
2.991591e-02, 2.347375e-03, -4.071858e-02, 2.080327e-02, 3.279853e-01, 1.860928e-02, -4.887123e-03, 2.423507e-02,
1.496399e-02, -1.943420e-03, 2.711524e-02, 3.015419e-01, 2.699823e-02, -1.524351e-02, -3.030379e-02, 3.704836e-03,
-7.120600e-03, 4.068187e-02, 2.858634e-02, -4.716362e-02, -4.155897e-02, -4.695956e-03, -1.868525e-02, 4.043423e-02,
2.879951e-02, -2.105805e-02, -8.187842e-02, -1.236778e-02, -9.103072e-03, 5.680087e-03, 3.474950e-03, 3.089509e-03,
-1.381085e-03, 1.047970e-02, 1.858346e-02, 1.040579e-02, -2.871884e-03, -1.762030e-03, 9.754215e-03, 1.796558e-02,
-5.949232e-03, -4.497318e-03, -3.947333e-03, 6.807493e-03, 2.030747e-03, -3.020693e-03, -1.107046e-03, -8.449857e-02,
-2.221439e-02, 1.418305e-02, -2.609807e-02, 2.239384e-02, 4.440851e-02, -1.344059e-02, -1.097612e-02, 1.767929e-02,
-6.590440e-03, 1.958663e-02, 8.602618e-03, -1.385117e-02, -1.618880e-02, 2.008601e-02, -5.515745e-02, 1.427991e-02,
3.069459e-02, -1.152507e-02, 7.152392e-03, 5.660013e-03, -2.628066e-03, 6.850703e-03, -1.039368e-02, 1.695264e-02,
1.302190e-02, -3.953459e-03, 5.427749e-03, -1.403949e-02, -7.357334e-02, 4.402487e-03, -1.824881e-04, -3.832206e-04,
-2.448080e-03, 9.781235e-03, 1.596226e-04, -3.356329e-04, -2.218169e-02, -5.732162e-02, 3.168628e-02, -3.699180e-02,
2.203765e-02, 3.181181e-03, -6.934662e-03, -1.113975e-01, 4.176192e-02, -2.024663e-02, 2.109276e-02, -6.741791e-03,
-1.131829e-02, -4.963507e-02, 3.975158e-02, -1.261848e-02, 2.046980e-02, -1.058629e-02, -3.089080e-03, -7.530444e-03,
2.524813e-03, -1.105858e-01, 3.511606e-03, 1.346274e-02, 1.895540e-03, 3.673399e-03, 1.786380e-03, 5.867485e-03,
4.214453e-02, -6.256662e-03, 3.653787e-03, 2.603390e-03, -2.506621e-03, 1.215213e-02, -1.420197e-02, -2.183566e-02,
-1.013183e-01, 3.123601e-02, -1.925092e-02, -3.057809e-03, 7.725171e-02, -5.953861e-04, -2.127610e-02, 3.735185e-02,
-2.795757e-02, 1.366704e-02, 3.259543e-02, -2.095808e-02, -5.224140e-02, 3.177917e-02, -6.763596e-02, 1.620684e-02,
9.995209e-02, 5.693781e-04, -1.090434e-02, 2.934417e-03, -5.702118e-03, -1.195562e-02, 1.502467e-02, 3.162961e-02,
2.271110e-02, -2.433878e-03, 1.336766e-02, -4.208161e-03, -1.151476e-01, 3.341210e-03, 2.999524e-03, 1.015360e-04,
-1.270033e-03, 4.730079e-02, -9.278201e-03, 5.950003e-03, -1.480425e-01, 3.428655e-02, 1.927306e-02, 2.772332e-02,
-2.420452e-02, 9.925727e-03, -5.051033e-02, 2.767762e-02, 5.513802e-03, -2.118095e-02, -1.121451e-02, 1.059664e-02,
-5.710150e-02, 1.932275e-02, 5.010049e-03, 1.158353e-02, -2.548689e-02, -9.265073e-03, 1.536555e-02, 1.983331e-03,
-4.087891e-03, -6.864701e-02, -4.386569e-03, -2.323686e-02, -1.277219e-02, 2.626937e-03, -1.318985e-02, -2.449987e-03,
-8.606202e-02, -5.615226e-03, -2.014078e-03, 1.889230e-03, -4.951782e-04, -1.802323e-02, -5.128039e-03, 4.718720e-02,
-3.858664e-02, 7.221266e-03, 2.025956e-03, -2.449152e-02, -6.053279e-02, -1.935235e-03, -1.231500e-02, 8.527319e-03,
-9.386047e-03, -1.189969e-02, -4.189516e-02, -2.676805e-02, 7.841448e-03, 9.136162e-03, -4.464272e-02, -9.804770e-03,
-7.608686e-02, -1.997523e-02, -6.467858e-03, -5.005848e-03, -1.121920e-03, -4.609407e-03, -8.991618e-03, -3.015632e-02,
-8.473112e-03, 4.229306e-03, -1.552145e-02, -3.312785e-03, -2.896455e-02, -7.281030e-03, 3.202856e-03, -7.718774e-03,
-6.534145e-03, -2.763738e-02, -1.046202e-02, 1.014797e-02, -2.169253e-02, -2.968755e-02, 8.212629e-03, -4.006561e-03,
1.557094e-02, -4.735547e-03, -2.232995e-02, -2.559911e-02, 8.339761e-03, 1.197657e-02, 1.692804e-02, -4.908062e-03,
-1.256432e-02, -1.386426e-02, 5.558846e-03, -4.310556e-04, 1.735737e-02, 2.641272e-03, 4.428843e-03, -8.439049e-04,
-3.326989e-03, -9.522735e-02, -1.846156e-03, 1.166678e-02, 2.064848e-03, 2.519780e-03, -5.074287e-04, 2.992483e-03,
-1.032426e-02, 1.310891e-03, -1.133648e-03, 1.004619e-04, 8.081674e-04, 1.293352e-02, 8.652085e-04, -2.451725e-02,
-1.513616e-02, -2.485268e-02, 8.331386e-03, -7.854085e-03, -6.280306e-03, -1.097708e-02, -1.865788e-02, -2.318878e-02,
8.960318e-03, -7.055237e-03, -1.184305e-03, 1.032718e-03, -5.441935e-03, -8.069773e-03, 1.330037e-03, -1.133333e-03,
-4.400787e-03, 6.240387e-04, 2.360620e-03, -2.546113e-03, -2.118092e-05, -4.596049e-02, -7.927260e-03, -5.614685e-03,
1.624810e-03, 2.278565e-04, -5.213773e-04, -6.512568e-03, -5.445505e-03, 3.247310e-04, -1.627469e-03, 8.526070e-04,
2.110223e-04, 4.087114e-03, 2.360701e-03, -6.044508e-03, 5.135478e-02, 2.331192e-02, -6.496326e-02, 3.926520e-02,
-2.311660e-02, -5.778166e-02, 1.947120e-02, 7.543332e-02, -7.422064e-02, -5.351434e-02, -8.738056e-04, -5.078057e-02,
4.195205e-02, 7.050952e-02, -2.060405e-01, -1.374078e-02, -6.055275e-02, -1.065863e-01, 2.408600e-03, -1.076035e-02,
-3.314112e-03, 1.230233e-01, -3.229852e-02, -2.315843e-02, -6.005311e-03, 7.808640e-03, -3.384223e-02, -1.265930e-02,
-7.321541e-02, -2.368236e-02, -1.152532e-03, -1.232943e-02, -1.286768e-02, -1.650223e-02, -6.435092e-03, -1.830290e-02,
1.863285e-01, -7.330316e-02, 6.537366e-04, 1.672525e-02, 8.297065e-02, 1.187654e-02, -3.125584e-03, 2.177461e-02,
1.024684e-02, 3.444622e-02, 1.577169e-02, 6.476527e-02, -2.765509e-02, -1.083571e-01, 2.197816e-01, 1.065625e-02,
6.963081e-02, 6.171916e-02, 1.363358e-02, 1.641523e-02, -1.747423e-02, -3.974345e-02, -9.903877e-03, -1.790068e-02,
4.054843e-02, -6.365299e-04, -1.723223e-02, -2.982010e-02, 7.253257e-03, 2.270247e-02, 6.842671e-03, 1.279166e-02,
-2.114081e-02, 8.574285e-03, 8.735885e-03, -9.839515e-02, 6.199951e-02, -4.810257e-02, 3.324628e-02, -1.261166e-01,
5.738177e-02, 1.635393e-02, 3.785095e-02, -1.998631e-01, 5.700099e-02, -5.163000e-02, 9.093670e-03, -2.174851e-02,
6.228574e-03, -5.310989e-02, 1.197917e-01, -3.390271e-03, 2.134300e-03, -7.034999e-03, -1.204027e-02, 6.097528e-04,
3.653925e-04, -7.677414e-02, -3.155764e-02, 3.339189e-02, 1.102086e-02, 7.319482e-03, -5.347625e-03, -4.590634e-03,
1.580949e-01, -1.453652e-02, -3.117797e-03, -7.688198e-03, 6.900604e-03, 5.479807e-02, -2.714292e-02, -1.908231e-02,
-1.243858e-02, 2.794468e-02, -2.214581e-02, 9.614694e-02, -5.749983e-02, 2.593687e-02, -2.098504e-03, 2.755937e-02,
-2.309675e-02, 7.463815e-02, -4.287393e-02, 6.913343e-02, 1.544816e-02, 5.131525e-02, -1.050715e-01, 3.096075e-02,
-6.082185e-02, 5.708650e-02, 1.925643e-02, 1.578870e-02, -3.364120e-03, 6.457766e-02, 4.208213e-02, -3.059997e-02,
-2.082467e-02, 1.204729e-02, -2.138392e-02, 6.246342e-02, -3.783060e-02, 1.961485e-02, -9.543377e-03, 2.155092e-02,
1.676306e-02, -4.385938e-02, 3.567017e-02, 5.272228e-03, -1.309144e-01, -6.954681e-05, 4.985583e-02, -5.225322e-02,
2.163268e-03, 8.926781e-03, -5.586398e-02, 4.098621e-03, 2.663918e-02, -3.753100e-02, -1.083565e-03, 2.781627e-02,
-2.774609e-02, -2.828915e-03, 3.705667e-02, -3.952736e-04, 4.856107e-03, -9.180856e-03, -1.265311e-02, 9.443077e-04,
1.759769e-05, -1.306450e-01, -8.254658e-03, -6.181407e-04, -1.769465e-02, 3.118043e-03, -3.436476e-03, 8.504712e-03,
-1.005055e-03, -1.149367e-02, 3.040950e-03, -7.025264e-04, -2.648452e-03, -2.074700e-02, -5.108197e-03, 5.462385e-02,
-1.155784e-01, 3.738805e-02, 7.412813e-03, -1.943495e-02, 2.546976e-02, 2.729180e-02, -4.005222e-03, 3.774749e-02,
1.757142e-03, -3.382807e-02, 1.558320e-02, -1.733992e-02, -2.177812e-02, 1.926104e-02, 1.956250e-03, -1.512069e-03,
-2.339203e-02, -5.215927e-03, -6.450523e-03, 1.653797e-05, 1.392910e-03, 4.105983e-02, 1.308790e-03, -1.321236e-02,
2.425706e-03, -1.176324e-04, -6.857865e-03, 2.422155e-02, -5.123159e-02, -1.894753e-02, -5.346604e-04, -6.501145e-03,
6.033079e-03, -6.739882e-03, 4.219828e-03, 7.144124e-02, 1.502545e-02, -5.690229e-02, 2.633773e-02, 6.151571e-03,
-2.771410e-02, -2.462893e-03, 9.796033e-03, -1.649064e-01, 5.345644e-02, -7.222311e-02, -3.101550e-02, -2.100145e-02,
2.230221e-03, -4.405738e-02, 4.509951e-02, -2.184378e-02, 2.125183e-02, -2.476554e-02, -4.605753e-03, -2.529014e-02,
4.050430e-03, -1.150775e-01, -2.500859e-02, -1.087448e-02, -3.157832e-03, 1.223859e-02, 2.271768e-03, 1.952169e-02,
9.012979e-02, -1.223707e-02, -3.286435e-04, -1.459716e-02, 2.389707e-04, 2.786887e-03, -8.930756e-03, -1.149296e-02,
3.903529e-02, -2.191922e-02, -5.193857e-02, 3.588300e-02, 7.809365e-03, 6.366948e-02, 4.489709e-02, -6.038916e-02,
-8.419523e-02, -6.113090e-03, -1.439338e-02, 9.617717e-02, 5.044371e-02, -4.407849e-02, -1.330074e-01, -1.305519e-02,
1.679106e-02, 9.535138e-02, -2.113224e-03, 1.259800e-02, -4.385966e-03, 4.215936e-02, 4.824682e-02, -1.512364e-03,
-7.708296e-03, 9.573685e-04, 2.295344e-02, 3.898514e-02, -7.154941e-03, -2.625420e-02, -1.737517e-02, 9.019662e-03,
3.398813e-02, -1.476380e-02, -2.153615e-02, -2.808925e-01, 3.748286e-02, -1.712659e-02, 9.002574e-03, -3.999108e-02,
7.389959e-03, -6.538895e-03, 1.486515e-02, -9.769798e-02, 2.841777e-02, -4.826402e-02, -8.853424e-03, -3.980554e-02,
5.417819e-03, -2.616935e-02, 5.304334e-02, -1.322203e-02, -1.905923e-02, -2.918410e-02, -3.895734e-03, -9.758250e-03,
-2.468605e-03, -2.587640e-02, 3.368708e-03, 9.448203e-03, 2.070842e-03, -7.964776e-04, -3.782822e-03, -7.383601e-03,
7.175464e-02, -3.917855e-03, 4.084674e-03, -9.186523e-03, -5.304618e-03, 5.015888e-03, -2.435005e-02, -4.298531e-03,
3.082687e-01, 8.150536e-02, -6.110201e-02, 1.100563e-01, 2.160420e-02, -3.683787e-02, 4.489900e-02, 4.084367e-01,
-5.866724e-02, -2.935476e-02, 9.567598e-03, -6.380525e-02, 5.007961e-02, 7.255184e-02, 6.826699e-02, 3.145233e-02,
8.230740e-02, -3.008062e-03, 2.154830e-02, -1.485638e-02, -3.666702e-03, 3.391553e-01, -1.252081e-02, -1.027896e-03,
3.262250e-02, -1.799564e-02, -4.203071e-03, -8.640571e-02, -5.385088e-04, 4.214516e-02, -2.868550e-02, -8.915431e-03,
1.589467e-02, -2.622934e-02, 3.004312e-02, 1.103952e-01, -1.787013e-02, -3.032076e-02, 1.860799e-02, 5.434521e-02,
-6.137496e-03, -4.722880e-03, -1.111248e-02, -7.722234e-02, 2.239343e-02, 4.458838e-02, 1.416125e-03, -9.599405e-05,
-6.288423e-03, -2.949335e-03, 1.798242e-02, 1.003325e-02, -4.634833e-03, -5.407547e-03, 1.404407e-02, 3.165486e-03,
-4.406488e-03, -9.470831e-02, -9.324581e-03, -9.825541e-03, 5.728707e-04, 2.389055e-03, -6.977442e-04, 8.680560e-03,
3.127903e-02, 9.096290e-03, 3.916204e-04, 1.873579e-03, -6.382781e-04, -9.546646e-03, 2.854930e-03, -1.565479e-03,
-2.877542e-02, 2.038813e-02, -2.595672e-02, -2.693662e-02, -7.307491e-02, -3.212634e-02, -8.954728e-03, 3.631225e-02,
-3.269126e-02, -2.214308e-02, -3.996638e-02, -2.743347e-02, 3.577790e-03, 1.782424e-02, -8.236457e-02, -4.120362e-02,
-8.225628e-02, -3.493312e-02, -1.201409e-02, -6.721739e-03, 3.827723e-03, 3.809682e-02, -1.408359e-02, -3.625286e-02,
-2.291447e-02, 6.496951e-03, -1.910143e-02, -2.796234e-02, -7.485524e-02, -3.249951e-02, 8.288348e-03, -1.735748e-02,
-1.352292e-02, -4.971800e-02, -3.233895e-02, -2.792861e-02, -5.864811e-02, -2.351367e-02, -3.633844e-03, 2.099671e-02,
2.614573e-02, 1.924287e-02, -4.983765e-02, -2.525351e-02, 9.517538e-03, -5.017881e-02, 3.010142e-02, 3.658895e-03,
-4.843927e-02, -1.125256e-02, 1.142809e-03, -2.886123e-03, 3.950737e-02, 6.373420e-03, 1.407382e-03, -1.150851e-02,
4.373034e-03, -1.408484e-01, 2.986640e-03, -4.459706e-03, 1.217920e-02, -1.657031e-03, -1.588159e-03, 1.888838e-02,
-8.710346e-02, -7.943403e-03, 8.649803e-03, -1.193151e-03, 5.250639e-04, 1.152878e-02, -1.475660e-02, -1.592442e-02,
-1.988104e-01, 4.033056e-02, 6.496369e-02, 2.427706e-02, 9.820078e-03, -5.384141e-02, -7.116034e-02, 4.442897e-02,
2.365645e-02, 2.748700e-02, 2.076524e-02, 2.815930e-02, -4.802887e-02, 8.776878e-03, 6.144118e-02, 2.515320e-02,
1.285248e-02, -3.747785e-02, -6.872775e-03, -9.909445e-05, 8.807657e-04, -8.052966e-02, -1.981657e-02, -1.836299e-02,
-2.744732e-02, 7.323014e-03, -4.143268e-03, 1.459014e-03, -8.807709e-03, -9.793787e-03, 7.968610e-03, 5.384153e-03,
-1.125530e-02, 1.997325e-03, 6.798463e-03, 1.073722e-01, -4.875492e-02, 2.526841e-03, -4.429467e-04, 3.595182e-02,
2.231848e-02, -3.260089e-02, -1.815384e-02, 4.575833e-03, -1.033360e-03, 1.753575e-02, 1.909769e-02, -1.600732e-02,
-1.914448e-02, 1.041984e-04, 5.660955e-03, 4.203988e-03, 7.109315e-03, -1.847192e-02, 9.138329e-03, 8.057241e-04,
-3.084236e-03, -4.597393e-02, -2.932641e-02, -2.129001e-04, 6.218279e-03, -1.927173e-03, 2.027744e-04, -3.068073e-02,
-3.598827e-02, 3.293969e-03, -1.161137e-02, 8.271972e-04, 1.365308e-03, 2.710761e-02, 2.112789e-02, -3.743641e-03,
-2.458044e-01, 6.565076e-02, 6.378774e-02, 3.730568e-03, 2.199625e-02, -2.079967e-02, -7.935323e-02, 6.464135e-02,
3.044286e-02, 1.601656e-02, 1.590340e-02, 2.897085e-02, -6.598728e-02, 2.909993e-02, 6.262017e-02, 1.015642e-02,
2.855311e-02, -1.132023e-02, 2.026872e-02, 5.378018e-03, -3.293058e-03, -1.845824e-02, -5.415838e-04, 7.499399e-03,
3.270180e-02, -7.194237e-03, 5.938040e-03, 8.748112e-03, -1.919924e-02, 1.194354e-02, 8.033980e-03, 1.835270e-03,
-1.184068e-04, 1.131013e-02, -4.897822e-04, 1.536242e-01, -3.565534e-02, 2.389409e-02, -4.438706e-02, 4.358878e-02,
1.745489e-02, -2.392525e-02, -3.173556e-02, 3.413795e-02, -4.044918e-02, 4.069641e-02, 4.081223e-02, -5.380734e-02,
-3.461752e-02, 3.465639e-02, -1.043332e-01, 4.087450e-02, 1.074672e-01, -5.595406e-02, 1.045445e-02, 6.161822e-03,
-5.119278e-03, 1.232264e-02, -1.411539e-02, 5.415230e-02, 1.338307e-02, -6.133630e-03, 2.916145e-02, -1.732423e-02,
-1.354337e-01, 2.082519e-02, 1.093734e-03, -1.024985e-02, -9.811176e-03, 3.976282e-02, 5.652600e-03, -1.106992e-02,
-1.706607e-02, -3.231912e-02, 1.822376e-02, 2.120129e-02, 1.003212e-02, -3.605038e-03, -5.543473e-03, -1.163869e-01,
3.232132e-02, 5.229155e-02, 9.545028e-03, 1.098182e-02, -5.784055e-03, -1.653933e-02, 2.489401e-02, 1.302497e-02,
1.088286e-03, -3.119830e-03, 1.550522e-02, 1.483573e-02, -6.513656e-03, -7.805237e-02, -3.782506e-03, -6.318867e-03,
-7.188591e-03, 5.813170e-04, -1.925211e-03, 2.308111e-02, 3.267269e-02, 7.003197e-03, -1.069466e-03, 4.842901e-03,
6.928990e-04, 2.150968e-04, 2.553230e-03, -1.991975e-03, 1.418359e-01, -1.300480e-03, 3.734020e-02, -8.941701e-02,
-1.066438e-01, 4.584551e-02, -3.866739e-03, 1.499225e-01, -3.513473e-03, -1.051009e-01, -6.555485e-02, 3.793193e-02,
1.031343e-02, -3.167137e-02, 2.412579e-01, -3.914018e-02, -1.041941e-01, 1.608471e-02, -3.495695e-02, -2.435184e-02,
1.262776e-02, -3.079365e-02, 2.534480e-02, -4.780030e-02, -5.023800e-02, 9.554696e-03, -1.899667e-02, 4.058500e-03,
1.432481e-02, -4.050937e-02, -6.663040e-03, 4.297120e-03, -1.103430e-03, -4.020435e-02, -1.148321e-02, 8.051681e-02,
7.859858e-02, -4.931613e-02, -1.513841e-02, -2.372988e-03, 2.049955e-02, 1.350882e-02, 8.903108e-02, -1.356835e-01,
-2.378954e-02, -8.102326e-03, 2.714296e-02, 4.338670e-02, 6.724258e-02, -6.868308e-02, -2.588348e-02, 3.042178e-03,
3.163242e-02, -2.472941e-02, 7.542111e-03, 6.952596e-03, -3.022327e-03, 4.836346e-02, 1.139315e-02, 2.271711e-02,
1.044731e-02, 3.615967e-04, 7.318260e-05, 1.040091e-02, 1.290617e-01, -3.932642e-03, 6.835809e-04, 8.874315e-03,
-5.246179e-03, 3.238182e-02, 6.634377e-03, -2.103389e-01, 6.710100e-02, 3.176464e-03, -1.544890e-02, -4.913487e-03,
-1.155805e-02, -9.496344e-03, 4.882285e-02, 1.318008e-02, -6.677807e-02, 1.304506e-02, -1.180081e-04, 6.964327e-02,
9.369517e-02, 9.060172e-03, -2.179135e-01, 1.006721e-02, 7.638528e-03, 2.308141e-03, -3.772383e-04, -7.108413e-04,
6.860061e-04, 1.075629e-01, 1.422451e-02, -1.773203e-02, -1.527784e-03, 5.932873e-04, -1.151283e-03, 1.845834e-02,
1.143076e-02, 8.455835e-03, 3.035514e-03, 2.072513e-03, -4.927615e-03, 8.683103e-03, 8.558998e-03, -1.408745e-01,
-4.931807e-02, 3.826119e-02, -3.938949e-02, 3.499501e-02, 7.699048e-02, 7.010499e-03, -1.952769e-02, 6.737299e-02,
-3.647832e-02, 2.445878e-03, 3.187610e-02, -7.638823e-03, -6.556176e-03, 4.245928e-02, -7.523039e-02, 1.085201e-02,
4.165486e-02, 2.286594e-03, 9.998724e-04, -3.069248e-03, -2.826381e-04, 3.785232e-02, -2.926476e-03, 2.612434e-02,
2.212453e-02, -9.720053e-03, 1.425910e-02, -5.103997e-03, -5.247091e-02, 1.014008e-02, -3.676707e-03, -2.036121e-03,
-1.224250e-04, 3.281197e-02, 6.336653e-03, 2.834345e-02, -3.678889e-02, -8.273136e-02, 4.342271e-02, -5.619442e-02,
3.188621e-02, -1.065799e-02, -4.737792e-03, -1.723222e-01, 6.178805e-02, -6.589961e-03, 1.083077e-02, -3.689404e-02,
-1.538927e-02, -7.863984e-02, 6.205177e-02, -2.574609e-02, -8.229120e-03, -1.869567e-02, -1.366507e-02, 4.793718e-03,
1.595217e-03, -1.555742e-01, 4.319865e-03, 1.725388e-02, 4.660694e-03, -4.623007e-04, -1.731359e-03, 1.072000e-02,
5.098447e-02, -1.694003e-02, 1.216717e-02, -8.798629e-03, -3.077225e-03, 1.753103e-02, -6.673088e-03, -3.754363e-02,
-1.604821e-02, 1.435100e-02, -4.746058e-03, 3.358672e-02, -3.134760e-02, 9.290498e-03, 1.137711e-03, 2.175650e-02,
-8.635640e-03, 3.177368e-02, 1.288914e-03, 3.768921e-02, 1.505153e-02, 2.271086e-02, -6.396609e-02, 7.745062e-03,
-2.517121e-02, 4.114365e-02, 4.531256e-03, 4.820762e-03, 2.973727e-03, 1.610114e-02, 1.366170e-02, -6.780452e-03,
-8.638118e-03, 1.739356e-03, -1.419344e-03, 2.422004e-02, -1.027295e-02, 9.563869e-03, -5.365564e-03, 8.276460e-03,
1.692233e-02, -8.400447e-03, 1.281758e-02, -5.897251e-03, -4.470039e-02, 2.342116e-02, -1.784682e-02, -9.638779e-03,
-7.725424e-02, -1.283831e-02, -2.501903e-03, 4.299756e-02, -2.304449e-02, -2.298148e-02, -4.606268e-03, -2.617224e-02,
1.466885e-02, 1.998458e-02, -1.033261e-01, -2.085672e-02, -6.119522e-02, -2.186163e-02, -5.435603e-03, -4.280264e-03,
6.643522e-03, 2.826380e-02, -3.307785e-03, -1.816512e-02, -2.235296e-02, 4.994129e-03, -1.000674e-02, -1.540308e-02,
-5.275645e-02, -7.821621e-03, 9.867415e-03, -6.980904e-03, -1.666155e-02, -2.023872e-02, -9.872651e-03, -1.177833e-02,
5.082335e-02, -3.450097e-02, -6.396264e-03, -3.714603e-04, 2.816556e-03, -9.309285e-05, 6.561564e-02, -1.196699e-01,
-4.382970e-03, -1.008094e-03, 1.872559e-02, -6.939577e-03, 3.530796e-02, -2.655341e-02, -1.535789e-02, -8.484435e-04,
1.853237e-02, -8.245845e-03, -4.854214e-03, -4.040651e-04, -7.863937e-04, 3.324465e-02, 3.433520e-03, 1.036892e-02,
2.895228e-03, -6.237850e-04, -4.911380e-04, 5.843427e-03, 8.094518e-02, -1.461636e-03, 4.976918e-04, -1.420972e-03,
1.709759e-03, 7.741693e-03, 2.423818e-03, -5.455655e-02, 8.384666e-02, 5.513694e-02, 3.163217e-02, 4.798545e-02,
-6.128533e-02, 2.262654e-03, -2.951708e-02, 1.928838e-01, 4.054409e-02, 5.819955e-02, -5.931588e-02, -2.878929e-02,
-2.797906e-02, 5.336246e-02, 1.821741e-01, 3.609992e-02, -6.728729e-02, 3.328065e-02, 1.616567e-02, 1.970876e-02,
-1.348704e-02, -1.145928e-02, -8.717239e-03, -2.063654e-02, -2.618461e-03, 2.945406e-03, -8.723948e-03, -2.136099e-02,
-3.851451e-02, 3.529850e-02, -8.832157e-03, -1.217815e-02, 1.178958e-02, -3.878299e-02, 3.176479e-02, 2.070554e-01,
4.581138e-02, -1.658919e-02, -1.780095e-03, -2.376012e-02, -5.876698e-03, 2.048451e-03, 5.208761e-02, -6.970141e-02,
-3.060358e-02, -2.080528e-02, -8.189582e-04, 5.663403e-02, 5.218181e-02, -2.185200e-02, -8.220951e-02, -1.383977e-02,
1.625446e-03, 3.377844e-02, -5.284094e-03, -9.570763e-03, 3.990977e-03, 4.389839e-02, 1.670721e-02, -1.232401e-02,
1.687719e-03, -7.332425e-03, 2.192567e-03, 7.125122e-03, 3.447272e-02, 1.008656e-03, -5.741347e-03, 1.499924e-02,
1.029537e-02, -1.765164e-03, -2.767491e-03, -8.977504e-02, -1.266352e-01, 2.874686e-02, 2.755608e-02, -1.859413e-02,
1.061160e-02, 1.049285e-02, -2.158141e-02, 3.018768e-02, 4.474249e-03, -3.376521e-02, 1.252853e-02, -3.036924e-04,
-1.593815e-02, 1.050524e-02, 1.885945e-02, -2.499758e-03, 9.636329e-03, 2.010654e-04, -8.559968e-03, -3.094874e-03,
2.958969e-03, -1.640219e-02, 3.736675e-03, -5.151498e-03, 6.247133e-03, -5.360285e-03, 4.622888e-03, 7.028546e-03,
-1.588111e-02, -1.115500e-02, 7.961197e-05, 2.659243e-03, -2.089249e-03, 9.553522e-03, -8.852884e-03, 4.567677e-02,
-4.676632e-02, -4.940590e-02, 3.754706e-02, -5.921037e-02, 1.745409e-02, -1.194690e-02, -3.134101e-02, -7.927496e-02,
4.462265e-02, 2.799224e-02, 3.184770e-02, -3.382998e-02, -1.279319e-02, -2.737270e-02, 3.512963e-02, -2.713301e-02,
3.133236e-02, -2.304265e-02, 5.118592e-04, 1.181576e-03, 1.623803e-03, -1.341278e-01, -1.181204e-02, 1.372986e-02,
7.396957e-03, 5.978251e-03, 2.757637e-03, -9.976487e-03, 3.125851e-02, 1.341444e-03, -2.875584e-04, -1.073067e-03,
1.459750e-04, 2.271285e-02, -1.089830e-03, 1.793317e-02, -7.738614e-02, 2.922851e-02, -3.088845e-02, -2.866475e-03,
5.050264e-02, 2.238569e-03, -3.554029e-02, 3.429275e-02, -3.472382e-02, 2.751092e-02, 6.136835e-02, -1.725541e-02,
-4.191762e-02, 2.827074e-02, -7.417127e-02, 2.616857e-02, 1.108091e-01, -1.243385e-03, -5.977220e-03, 2.660936e-03,
-6.716638e-03, -3.145274e-02, -8.912976e-03, 5.927207e-02, 1.894387e-02, -2.867366e-03, 1.772697e-02, -1.993491e-02,
-1.283528e-01, 1.360474e-02, 8.528459e-04, -3.755793e-04, -3.101707e-03, 6.634190e-02, 7.524859e-03, 2.864306e-03,
2.527402e-01, 1.599470e-02, -3.692320e-02, 4.170904e-02, -8.668622e-02, -1.133460e-02, 1.949575e-02, 1.884392e-01,
-3.412858e-02, -4.525348e-02, -3.168872e-02, 5.730153e-04, 2.163117e-02, 9.678459e-03, 1.311147e-01, 1.868238e-02,
-6.840866e-02, -1.587955e-02, 1.434634e-02, -1.927994e-02, 1.467294e-02, 1.502467e-01, -1.411466e-02, -2.994476e-02,
-1.082252e-02, 2.934092e-03, -1.649306e-02, -1.809202e-02, 2.926976e-02, 2.532265e-03, -1.367557e-02, -1.255831e-02,
1.747519e-02, -3.934133e-02, -6.794657e-03, -9.248692e-03, 3.563204e-02, 1.088429e-02, -5.543872e-02, -1.834461e-02,
-4.250918e-02, 1.530418e-02, 1.967635e-02, 1.778809e-02, -5.100826e-02, 2.472943e-02, -9.012777e-03, -1.740472e-02,
5.177627e-02, 3.122406e-02, -1.781873e-01, 1.793419e-02, -6.137126e-02, 6.734922e-02, -2.619661e-03, 5.231701e-03,
-8.967973e-03, 8.716352e-02, 1.162880e-02, -7.712997e-03, -3.217078e-03, 4.408507e-03, -8.943518e-03, -1.002308e-04,
-5.440613e-02, -7.372828e-04, -9.878331e-03, -4.416941e-03, 3.434331e-02, -1.737761e-02, 1.781715e-02, -9.245946e-02,
-1.895676e-01, 1.856091e-02, 6.273445e-02, 9.468079e-03, 4.107051e-02, -7.054235e-03, -6.584213e-02, 2.261486e-02,
3.426202e-02, 5.194729e-04, 1.923500e-02, -3.607590e-02, -1.471632e-02, 3.604830e-03, 5.301417e-02, 2.234247e-03,
8.502847e-03, 4.656626e-03, 3.936254e-03, -1.654433e-03, 3.228659e-03, -1.029022e-01, -9.837062e-03, 1.379988e-02,
6.319397e-03, -1.029776e-04, -7.783175e-05, -1.133394e-02, 3.542443e-03, -3.651482e-03, -7.239576e-03, -1.875798e-03,
1.380637e-03, -1.220072e-02, -1.046320e-02, 8.826046e-02, 4.162109e-02, -5.633695e-02, 1.501245e-02, -2.945818e-02,
-1.267391e-02, -1.187516e-03, 2.272711e-02, -1.269932e-01, 4.956060e-02, -2.542642e-02, -1.236140e-03, -3.695254e-03,
4.349990e-03, -4.812412e-02, 5.561907e-02, -1.227173e-02, -8.882439e-03, 5.640821e-03, -1.492518e-04, 2.963458e-03,
1.898640e-03, -5.138062e-02, -5.040258e-04, -4.195999e-03, -2.217772e-03, -3.386135e-04, 4.872935e-04, 6.289949e-03,
4.621743e-02, -3.386642e-03, -4.139141e-03, -3.299254e-03, 1.117486e-02, -9.271969e-03, 4.898675e-03, -9.770378e-03,
-6.481461e-02, 2.270118e-02, -1.636908e-02, 1.348126e-02, 9.845330e-02, -4.856770e-02, -1.416960e-02, 2.796011e-02,
-2.659678e-02, 3.642862e-02, 4.812824e-02, -4.309981e-02, -1.343161e-02, 1.269530e-02, -2.199461e-02, 2.662262e-03,
6.768037e-02, -4.765669e-02, 1.417967e-02, 6.166701e-03, -1.932807e-03, 1.533473e-02, -2.381399e-02, 3.526867e-02,
1.814918e-02, -5.301160e-03, 1.899413e-02, -2.044014e-02, -3.392753e-02, 6.964181e-03, 4.816134e-03, -6.691020e-03,
-1.460883e-02, 3.957355e-02, 1.547046e-03, 4.200018e-03, -2.228848e-01, 4.324995e-02, 4.122121e-02, -4.532122e-02,
-6.324296e-02, -2.498086e-03, -7.684063e-02, 2.989030e-02, 1.511807e-02, 2.378273e-02, -2.996902e-02, 1.206872e-02,
-6.190462e-02, 2.044693e-02, 1.456195e-02, -1.230048e-02, -1.422926e-02, 7.709902e-03, -2.167402e-02, 4.987444e-03,
4.647057e-03, -1.117792e-01, 8.188346e-03, -3.891059e-02, -3.615968e-02, 3.579870e-03, -4.847641e-03, 1.163117e-03,
-9.126015e-02, -3.607960e-04, 4.174281e-03, -3.991404e-03, 6.479021e-03, -2.924852e-02, -1.411764e-02, 8.112381e-02,
-6.036185e-02, -2.015241e-02, 4.223905e-03, -4.019458e-02, 2.165943e-02, 3.309263e-02, -4.759551e-02, -1.633176e-02,
8.725166e-03, -1.514024e-02, 1.434899e-02, 1.648789e-02, -3.400484e-02, -8.019767e-04, -1.211258e-03, -2.584325e-03,
1.123809e-02, 7.548222e-03, -1.663883e-02, 2.604150e-04, 4.599807e-03, -9.427426e-02, 3.643697e-02, 6.991519e-03,
1.094741e-02, -1.992125e-03, 2.402869e-03, 4.236022e-02, -6.425540e-02, -5.829478e-03, 1.090938e-02, 4.206678e-03,
-5.399159e-03, 1.475088e-02, -5.718142e-03, -1.394237e-02, 5.542164e-02, 4.649003e-03, -5.864502e-02, 2.137776e-02,
-3.977988e-02, 9.061032e-03, 2.964054e-02, 2.325476e-02, -8.149754e-02, -2.665682e-02, -6.495974e-03, 1.029859e-02,
8.649458e-02, 3.110069e-02, -2.401591e-01, 9.909015e-03, -1.901204e-02, -4.381378e-02, 1.131673e-02, -2.592323e-03,
-1.429944e-02, 6.614157e-02, 8.035008e-04, -1.509895e-02, -9.515686e-03, 8.074325e-04, 1.105677e-02, -4.876930e-03,
-5.091729e-02, -9.058641e-03, 3.899636e-03, 5.630315e-03, -2.078947e-02, -1.503268e-02, -1.140433e-02, -1.226210e-01,
1.500363e-01, 7.569036e-03, 7.915447e-02, -4.957846e-02, -5.440480e-03, -8.138485e-03, 1.626396e-03, 1.763966e-01,
7.855946e-02, -2.058224e-02, -2.408192e-02, 5.760258e-02, -9.221040e-03, 2.105122e-02, 2.966381e-01, -4.072152e-02,
2.755114e-02, -1.025769e-01, -2.369207e-02, 1.114824e-02, 9.778229e-03, 5.560460e-02, -1.289053e-02, -5.643215e-03,
-7.773587e-03, -1.262710e-02, -1.584086e-03, -8.422543e-03, 1.219677e-01, -1.084888e-02, 1.316611e-02, 1.883176e-02,
-5.080512e-02, -9.343202e-03, -3.027241e-02, 2.559512e-01, 1.572964e-02, -6.981934e-03, -9.255435e-03, -5.759894e-03,
2.334031e-03, 2.862184e-03, 2.960474e-02, -2.832143e-02, -4.278378e-02, -1.943040e-03, -2.276486e-03, -1.457356e-02,
3.336565e-02, -3.968468e-02, -4.740022e-02, 1.168853e-02, 3.828137e-03, -5.295410e-03, -7.784751e-04, -2.957363e-04,
3.206376e-03, 1.453610e-02, -5.286139e-03, -4.963245e-03, 5.018187e-04, -5.649137e-04, -2.948488e-05, 4.910174e-04,
1.057964e-02, 1.665776e-03, 6.662338e-03, 5.260376e-04, -1.333952e-02, -1.047795e-02, 9.386093e-03, -1.257434e-01,
5.097866e-02, -2.764696e-02, -1.433258e-02, 2.105402e-02, 1.853353e-02, 2.708439e-02, 4.870292e-02, -8.633050e-02,
-3.635707e-03, 2.737162e-02, 1.255851e-03, 1.872436e-02, 4.185778e-02, -2.306323e-02, -6.386447e-02, -2.550246e-03,
-1.059937e-02, 5.738121e-02, 4.181824e-03, 5.670695e-03, -4.910351e-04, 3.367718e-02, 1.816851e-02, 4.154292e-03,
-3.968264e-04, -7.593973e-04, 7.616730e-03, 1.676353e-02, 4.206467e-02, 4.731136e-03, -2.206906e-03, 1.733561e-03,
1.148535e-02, 2.653140e-03, -3.313224e-03, -7.880203e-02, 5.317984e-02, -1.762980e-02, 2.973340e-04, 7.499625e-03,
-6.583211e-03, -6.468825e-03, 4.229229e-02, -1.580128e-01, 4.285319e-02, 3.525058e-02, -2.885818e-02, 2.327679e-02,
7.676310e-03, -3.806035e-02, 4.706714e-02, 6.740432e-03, 1.759465e-02, 1.208966e-02, 2.589025e-03, 1.993322e-04,
-2.576135e-04, -1.072433e-02, -2.563134e-04, 5.688813e-03, -6.019863e-03, 1.699348e-02, 6.889846e-04, -8.146613e-03,
5.871850e-02, 3.530832e-03, -1.769834e-03, 3.473309e-03, -4.116778e-03, 2.721649e-03, -3.370115e-03, -1.749244e-02,
-4.346297e-03, -4.618524e-02, 3.155149e-02, 2.168279e-02, -3.201463e-02, -2.318127e-02, 8.122688e-03, -1.288756e-01,
5.385215e-02, 7.751056e-02, -1.169307e-02, -5.187644e-02, 1.137927e-03, -4.060761e-02, 5.280544e-02, 1.491096e-02,
1.409911e-02, -3.050595e-02, 3.024234e-03, 2.386569e-02, -4.019177e-03, -7.955417e-02, 7.939980e-03, 1.086956e-02,
3.192487e-03, 6.412484e-03, 1.303855e-03, -2.115742e-02, 7.610898e-02, 1.747998e-02, -1.996341e-03, -6.843480e-03,
-5.099151e-03, -4.039418e-03, 1.812725e-02, 3.069824e-02, -8.483382e-02, 2.346590e-02, -1.743931e-02, -2.293508e-02,
-2.018906e-01, -2.508160e-02, -2.257042e-02, 1.805107e-02, -2.087702e-02, -2.527355e-02, -1.008657e-01, -2.652977e-02,
-4.462797e-03, 1.433615e-02, -4.707372e-02, -8.322519e-03, -1.534636e-01, -4.046335e-02, -1.221270e-02, -1.586072e-02,
7.284387e-03, 2.850370e-03, -2.904472e-02, -6.117442e-02, -4.438169e-02, 1.149726e-02, -2.617439e-02, -7.557011e-03,
-1.049402e-01, 2.545759e-03, 6.238752e-03, -1.316086e-02, -1.766211e-02, -6.411847e-02, -1.219204e-02, 2.336775e-02,
4.884280e-02, 6.153516e-03, -3.873473e-02, -1.140041e-02, -5.007989e-03, 3.789551e-03, 2.304635e-02, 1.668215e-02,
-1.597095e-02, 1.263989e-03, 2.418230e-03, 1.002924e-02, 5.229120e-02, 1.719345e-02, -1.658631e-01, -2.792402e-03,
-1.451283e-03, 1.221117e-02, -7.851743e-04, -1.486241e-03, 7.351014e-04, 9.809412e-02, -2.036952e-03, -1.368364e-02,
-6.989976e-03, 4.006327e-03, -7.621698e-03, 4.248983e-03, 1.938690e-02, 5.804262e-03, 5.538124e-04, 1.481487e-03,
6.428776e-04, 6.897659e-03, 1.456435e-03, -5.482324e-02, 5.192788e-02, -3.227070e-02, -1.568252e-02, -1.747831e-02,
1.007372e-02, 1.552947e-02, 5.300117e-02, -8.179606e-02, -2.443839e-02, -3.003100e-02, 2.938584e-03, 5.168295e-02,
5.111814e-02, -3.878814e-02, -5.849884e-02, -1.912892e-02, 2.248257e-02, 1.576815e-02, -2.626730e-03, -9.480731e-03,
4.336115e-03, 6.408438e-02, -4.712403e-04, -1.368858e-02, 2.450140e-03, -7.943325e-03, 1.669620e-04, 7.095763e-03,
1.044810e-01, 7.488612e-04, 1.907123e-03, 1.152659e-02, 1.106668e-02, -2.200148e-03, -9.688956e-03, -1.322760e-01,
-3.434188e-01, 4.839902e-02, 8.790936e-02, -2.631137e-02, 2.396891e-02, -4.186955e-03, -5.870975e-02, 4.795519e-02,
3.774040e-02, 5.514780e-02, -2.001954e-03, -1.291930e-02, -6.495480e-02, 1.636015e-02, 8.704484e-02, -8.530217e-03,
9.898527e-03, 3.443002e-02, -1.593496e-02, 2.325893e-03, 5.254630e-03, -1.094353e-01, 1.447162e-02, 1.152838e-02,
-1.436340e-02, 2.171803e-03, -2.855153e-03, 1.224026e-02, 1.609970e-02, 1.849867e-02, 1.630693e-02, 2.116476e-03,
-6.431295e-04, -2.175947e-03, 5.320422e-03, 1.678779e-01, 3.300401e-01, 1.779405e-02, -1.318147e-01, 2.931379e-02,
6.355953e-02, 3.041738e-02, 4.621037e-02, 1.280423e-01, -2.639383e-03, 3.275010e-02, 5.607494e-02, 1.389177e-02,
-1.326787e-01, 2.548942e-02, 2.269667e-01, 9.620650e-03, 1.353533e-01, -2.608909e-03, -1.958628e-03, 2.476559e-02,
-6.708517e-03, 1.627064e-01, -1.266135e-02, 7.634308e-02, 2.349787e-03, 2.509144e-03, 3.115283e-02, 2.333532e-02,
-4.417574e-02, 1.319427e-02, 1.137946e-02, -1.047732e-02, 9.043283e-03, 7.469303e-02, 2.548195e-02, 2.875985e-02,
-2.437437e-01, 9.937174e-02, 3.516392e-02, 4.079689e-02, 6.171963e-02, 3.433331e-03, -4.096843e-02, 7.663430e-02,
4.627044e-03, 3.707454e-02, 3.518874e-02, -9.914718e-03, -4.348345e-02, 2.863599e-02, 4.647358e-02, 1.583385e-02,
3.305661e-02, -1.239293e-02, -1.488208e-02, 9.896412e-03, 2.221490e-03, -7.143078e-03, -1.556669e-02, 2.496230e-03,
2.915995e-02, -1.117237e-02, 6.019521e-03, -9.875416e-03, -3.836402e-02, 1.811840e-02, -1.155444e-02, 3.836562e-05,
2.541947e-03, 1.072470e-02, 4.955263e-03, 1.250656e-01, -4.344152e-02, -6.978015e-02, 1.113502e-02, -3.794156e-02,
3.857337e-02, 8.493963e-03, -5.076342e-02, -6.676696e-02, 8.024131e-03, 5.300621e-02, 6.244498e-02, -7.678805e-03,
-3.095720e-02, -4.319390e-02, 5.952501e-03, -1.822679e-02, 5.898013e-02, -2.230374e-03, 4.179188e-03, -3.069740e-03,
4.796083e-03, -2.396891e-01, -8.095669e-03, 3.553383e-02, 2.155395e-03, 2.545088e-04, 6.690833e-03, 1.467870e-02,
-5.158207e-02, -1.674676e-03, -6.183669e-03, 2.769209e-03, 3.786350e-03, 3.047915e-02, 1.813271e-02, -6.730166e-02,
1.033450e-01, -8.722547e-02, 4.249182e-02, -1.824520e-02, 2.084545e-02, 9.913485e-03, 1.056998e-01, -4.654779e-01,
1.493156e-01, -4.757529e-05, 7.638919e-03, 5.622178e-02, 4.056177e-02, -1.226146e-01, 1.266426e-01, -2.863847e-02,
-7.332616e-02, 5.443943e-02, -1.152361e-02, 4.345612e-02, -1.038986e-03, -6.793000e-02, -2.786378e-02, -1.116471e-02,
-2.820370e-03, -4.814387e-03, -1.041347e-02, 2.435975e-02, 2.287732e-01, -1.190411e-02, -1.409719e-02, 1.544490e-02,
1.374681e-02, -1.144377e-02, 4.006764e-02, -1.549980e-02, 3.209387e-02, -2.915836e-02, -2.109682e-02, -8.739539e-03,
2.214296e-03, -7.362671e-03, 3.906808e-02, -6.542542e-02, -5.970341e-02, 4.129707e-03, -5.315948e-03, -7.764805e-02,
4.574656e-02, -7.864703e-02, -5.241780e-02, 6.571801e-03, -1.748101e-02, 4.122367e-02, -2.475453e-03, -1.264166e-02,
-2.755647e-04, 2.434774e-02, 6.358764e-03, -4.127671e-05, 3.499075e-03, -8.666788e-03, 1.305533e-02, -8.913881e-03,
5.452702e-02, 1.160921e-02, -1.592995e-03, 5.516481e-03, -2.973991e-03, -8.146628e-03, 3.068305e-02, -1.896063e-01,
1.355609e-01, 1.385780e-01, -8.687279e-02, 1.073454e-02, -7.621584e-03, 1.761318e-03, -8.726135e-03, 3.308370e-01,
-3.242149e-02, -1.496482e-02, -6.016812e-02, 2.288055e-02, -6.816074e-02, 1.615139e-01, 6.047602e-02, 4.052140e-03,
-8.018546e-02, -3.687612e-02, -1.261586e-02, -1.264483e-02, -1.589963e-03, 2.664853e-01, 1.512102e-02, -3.429792e-02,
-1.132859e-04, -3.155461e-03, -1.148225e-02, -2.301790e-02, -6.896705e-02, -4.766089e-03, 7.925365e-04, 5.895796e-03,
-8.710866e-03, -1.365596e-02, -2.967785e-02, 2.178467e-01, 4.759075e-02, 8.333265e-03, -2.328509e-02, 7.225746e-03,
-5.566358e-03, -6.092617e-04, 2.142224e-03, 5.249669e-02, -2.883348e-02, 6.850766e-03, 1.713798e-02, -3.243281e-03,
2.378525e-02, 6.763898e-02, -1.667711e-01, 1.685657e-03, -1.586742e-02, 3.579021e-04, 2.365160e-04, -3.128976e-03,
6.023197e-03, 5.230647e-02, 1.067614e-02, 2.856642e-03, 3.266349e-03, 3.854001e-03, -2.131982e-02, 6.574915e-03,
-3.278624e-02, 1.257425e-03, -2.236672e-03, 6.199983e-03, 1.857138e-04, -1.751193e-02, -2.542186e-03, -7.499187e-03,
-1.858171e-03, -6.270304e-02, 4.080039e-02, 4.660335e-02, -2.508578e-02, -1.067214e-02, 6.040179e-03, -1.424338e-01,
5.854941e-02, -2.374741e-02, -1.540282e-02, -6.338997e-04, -2.834107e-03, -3.787650e-02, 5.487296e-02, -2.132919e-03,
2.032970e-02, -2.963365e-02, 2.499123e-03, -7.386880e-03, -3.634222e-03, -1.252079e-01, -2.776532e-02, -1.252578e-02,
-2.458315e-03, 7.513287e-03, 4.637784e-03, 3.664971e-03, 8.554664e-02, -4.682896e-03, 1.296577e-03, -1.417638e-02,
-2.523064e-03, -9.453775e-04, 1.582040e-03, 2.834044e-02, -9.316233e-02, 6.271832e-03, 3.082426e-02, -1.157171e-03,
2.669553e-03, 1.841112e-03, -1.891004e-02, 4.653170e-03, 8.444826e-03, -1.091609e-02, 3.045706e-04, -2.400312e-03,
-1.538120e-02, 4.181646e-03, 1.732255e-02, 1.418357e-02, -5.358807e-03, -7.661488e-03, -3.572259e-03, -4.485420e-03,
-5.845850e-04, -3.807012e-02, -1.963232e-03, -1.951798e-03, -7.425538e-03, -4.769901e-04, 5.559139e-04, -1.253347e-02,
2.033693e-04, -1.287978e-02, -2.458885e-03, -1.980817e-03, -4.921711e-05, -7.762830e-03, -2.431910e-03, 3.372770e-02,
-2.605814e-01, 5.903438e-02, 7.627347e-02, 3.237011e-02, 4.961028e-03, -5.531195e-02, -5.783664e-02, 6.163115e-02,
1.366722e-02, 3.382064e-02, 9.969911e-03, -2.193744e-02, -5.709520e-02, 5.311794e-03, 7.315771e-02, 1.188932e-02,
-9.041474e-03, 3.496231e-02, -9.755910e-03, -1.648522e-03, 1.738234e-03, -5.923054e-02, -9.669250e-03, -1.664092e-02,
-2.266872e-02, 7.621306e-03, 3.486775e-03, 7.478661e-03, -9.303626e-03, -4.866451e-03, 2.173604e-02, -1.214273e-02,
6.666698e-03, -4.551699e-03, 6.819257e-03, 9.723542e-02, 7.066818e-02, -3.141474e-02, -2.574024e-02, -1.019109e-02,
-1.295817e-02, 2.749331e-02, 6.336290e-02, -1.261446e-01, -5.833953e-03, 1.277642e-02, 3.868387e-03, 5.432700e-02,
6.418914e-02, -3.863313e-02, -8.304283e-02, -1.404643e-02, -9.479782e-03, 9.725185e-02, -7.094601e-03, -5.103394e-03,
-8.666369e-04, 5.096978e-02, 4.099882e-02, 2.493227e-02, -4.600191e-03, 1.003156e-02, 6.878779e-03, 4.317364e-02,
8.537239e-02, -2.605072e-03, -1.076129e-02, 9.114697e-03, 2.513268e-02, 1.207858e-02, -2.105454e-03, -1.275897e-01,
1.850303e-01, 5.494246e-02, -1.027737e-01, 8.072190e-03, -6.411766e-02, 5.827010e-02, 2.004799e-02, 2.368701e-01,
-7.447687e-02, -5.559538e-02, -1.423220e-02, -7.186469e-03, -1.652797e-02, 5.061363e-02, -3.482146e-03, -2.732469e-02,
1.594750e-02, 4.930932e-02, 9.960606e-03, -2.292147e-02, -1.419520e-03, 1.953214e-01, 5.677124e-02, 1.504549e-02,
3.901529e-02, -9.070709e-03, -4.153641e-03, 2.976849e-03, -1.671976e-01, 1.196362e-02, -9.187189e-03, 3.745169e-02,
1.509854e-02, 9.431418e-03, 2.379678e-02, -3.207949e-02, 6.590299e-02, -1.037551e-02, -1.830927e-02, 3.288318e-03,
-4.527803e-03, -2.425132e-02, 1.462285e-02, 7.966926e-03, -2.928309e-02, 1.537199e-02, -1.159630e-02, -9.639087e-02,
2.660725e-02, 1.646999e-03, -6.679812e-02, -1.035686e-02, 7.345726e-03, -1.004316e-01, -1.658619e-03, 4.212447e-03,
8.877954e-03, 3.164214e-02, -1.579280e-02, 1.164194e-02, 5.599333e-04, 7.339513e-04, -1.946847e-04, -1.806890e-02,
2.050365e-02, 2.908487e-03, 9.879798e-03, -1.942645e-02, -2.273517e-02, -7.490420e-03, -3.257279e-03, -3.037997e-02,
-5.062885e-02, 2.946384e-02, -2.835156e-02, 1.460942e-02, 8.632533e-03, 1.240992e-02, -1.248717e-02, 1.046929e-02,
-4.312215e-03, 1.203295e-02, -3.041421e-03, 8.416979e-03, -5.131669e-02, 2.948053e-02, -3.652435e-02, 1.457764e-02,
-7.491663e-02, -5.906508e-03, -7.579921e-03, -5.444965e-04, -1.256114e-03, 9.301955e-03, -1.684408e-02, -1.157308e-02,
-9.837036e-03, -5.044942e-03, -2.011656e-03, 6.016393e-03, -1.599326e-01, 1.570998e-03, 4.988118e-03, -5.027006e-03,
-3.079738e-03, -7.784165e-03, -7.131464e-03, 3.043789e-02, -5.702430e-02, -8.364183e-02, 3.005655e-02, -4.268023e-02,
-5.237687e-02, -3.250663e-02, -6.403746e-02, -7.472204e-02, 3.220562e-02, 7.686497e-02, -3.582726e-02, 1.137001e-02,
-2.941381e-02, -3.710638e-02, 1.110634e-02, -3.958901e-06, -1.179025e-02, -9.665611e-03, 1.073295e-02, -7.392428e-03,
-9.423361e-03, -3.113409e-01, -2.684792e-02, -9.475175e-02, -1.224508e-02, -1.180807e-02, 4.525640e-03, -2.058418e-02,
-2.716984e-02, -7.600090e-03, -1.156950e-02, 5.693314e-03, 1.549845e-03, -6.064444e-02, -3.974156e-03, -4.564945e-02,
-1.113899e-01, 4.182612e-02, 4.306982e-03, -3.152473e-03, -6.899417e-04, 1.958244e-02, -3.396329e-03, 3.818323e-02,
-1.761213e-03, -7.885479e-04, 1.792509e-03, -2.639510e-03, -3.537311e-02, 2.836194e-02, 3.403359e-03, -1.800447e-02,
6.252211e-04, -1.200642e-02, -3.080972e-03, -3.273219e-03, 2.301870e-03, 4.065664e-02, 5.568836e-03, 1.617862e-02,
-5.223141e-04, -1.181696e-03, 6.955499e-04, 6.963140e-03, -5.667879e-02, -2.309408e-02, 8.008089e-04, -3.491051e-03,
-5.349466e-04, 2.107943e-02, 9.514156e-03, 7.668651e-02, -7.515465e-02, -4.639841e-03, 3.502993e-03, 1.997946e-02,
-1.152989e-02, -3.792527e-02, -3.797591e-02, 6.201313e-03, 4.042482e-04, 7.172636e-02, 2.529550e-02, -7.169923e-03,
-5.062657e-02, -7.092453e-03, 1.016308e-02, 2.493186e-02, 1.832043e-02, -2.117709e-02, 1.265906e-02, -2.666879e-04,
-5.693563e-03, -8.536214e-02, -2.791876e-02, -4.310839e-03, 7.455277e-04, -4.918016e-03, 1.114032e-02, -3.870470e-02,
-7.835569e-02, -1.081391e-04, -7.810431e-03, -1.215004e-03, -2.287329e-03, 1.073449e-02, 1.796095e-02, -1.323249e-03,
-1.805183e-01, 4.075783e-02, 4.510458e-02, -4.876993e-02, 3.957792e-02, 7.606095e-03, -7.818102e-02, 5.696754e-02,
2.230022e-02, -4.600463e-02, 2.276448e-02, -2.098078e-02, -7.803125e-02, 2.860845e-02, 4.150197e-02, -1.128688e-02,
2.243214e-02, 2.265767e-02, -2.232305e-02, -2.755423e-02, 1.009843e-02, -6.259406e-02, 1.718269e-02, 3.715648e-03,
9.499816e-03, -9.110459e-03, 2.034231e-02, 8.540436e-03, -7.838136e-02, -3.846604e-02, 4.081669e-03, -4.465847e-03,
3.411797e-03, 5.265415e-02, -1.369930e-02, 1.382701e-01, 1.021685e-01, -9.224122e-02, 3.745083e-02, 2.262061e-02,
5.686870e-03, -3.186767e-02, 8.956416e-02, -3.339236e-01, 9.149814e-02, 9.992813e-03, -6.947579e-02, -5.505235e-02,
4.108005e-02, -8.717735e-02, 9.859774e-02, 1.409535e-02, -4.403885e-02, -2.515801e-02, -4.325657e-03, -2.190133e-02,
4.631998e-03, -4.626178e-02, -1.723675e-03, -2.391177e-03, 3.598380e-03, 2.419723e-02, -2.137790e-02, -1.618572e-02,
2.564769e-01, 2.151883e-02, 5.051190e-03, -3.544665e-02, -1.667714e-03, 7.563172e-03, 1.454078e-02, -3.876760e-02,
5.529579e-02, 1.420442e-02, -1.005031e-02, -1.392286e-03, 1.038562e-02, 2.707523e-03, 2.552315e-02, 5.573118e-02,
-6.045572e-02, -1.719956e-02, 2.481015e-02, 2.430649e-02, 4.276907e-02, 8.328423e-02, -2.285420e-01, -1.188291e-02,
5.445285e-02, 3.281914e-02, 1.608303e-04, 3.451994e-04, -1.711165e-03, 1.295921e-01, 9.434243e-03, 1.499711e-02,
-2.175941e-03, -1.214056e-03, 7.102903e-03, 6.270044e-03, -2.896123e-02, -3.447823e-03, -2.559559e-03, -1.992719e-03,
7.526747e-03, 5.483518e-03, -5.791115e-03, -1.142320e-02, 8.872228e-02, -2.677604e-04, -3.467633e-02, -1.123087e-02,
2.070010e-02, -6.269830e-02, 4.445075e-02, -1.250498e-02, -5.602090e-02, -3.939222e-02, 1.226629e-02, -1.650619e-01,
4.769801e-02, 7.276274e-03, -9.902709e-02, -1.731599e-02, 2.235104e-02, -1.309584e-01, 3.831626e-03, 1.303766e-03,
9.715709e-03, 1.143234e-01, -5.980873e-02, 2.742639e-02, 8.597027e-03, 4.238741e-03, 1.428148e-02, -6.310475e-02,
5.261698e-02, 6.995092e-03, 5.595353e-03, -3.436060e-02, -2.719627e-02, 8.415652e-04, -1.168660e-02, -5.897468e-02,
2.951094e-01, -1.105258e-02, 2.572302e-02, -3.812770e-02, -1.482611e-02, 1.048601e-01, 1.512709e-02, 2.895629e-01,
-6.147194e-02, -1.635713e-02, -3.542823e-02, 1.819087e-01, 5.303367e-02, -4.646888e-02, 2.093413e-01, -2.209667e-02,
4.193568e-02, 1.907207e-01, -3.987854e-03, 8.414722e-03, -2.733673e-02, 1.467064e-01, 1.007473e-01, 1.675682e-02,
-7.988412e-03, -4.110264e-02, 2.973346e-02, 7.324130e-02, 1.685419e-01, 1.380038e-02, 1.469599e-02, 1.179698e-02,
1.685419e-01, 1.380038e-02, 1.469599e-02, 1.179698e-02, 
